0 163
163 299
299 161
161 298
298 160
160 297
297 159
159 293
293 158
158 292
292 157
157 291
291 156
156 290
290 155
155 289
289 154
154 288
288 153
153 287
287 152
152 286
286 147
147 285
285 146
146 284
284 145
145 283
283 104
104 269
269 103
103 261
261 102
102 259
259 101
101 262
262 100
100 240
240 74
74 253
253 71
71 247
247 73
73 245
245 75
75 250
250 70
70 251
251 69
69 249
249 72
72 236
236 53
53 231
231 99
99 233
233 68
68 252
252 79
79 248
248 74
74 239
239 71
71 242
242 73
73 238
238 54
54 241
241 75
75 247
247 76
76 246
246 72
72 250
250 69
69 230
230 53
53 229
229 98
98 227
227 52
52 222
222 51
51 218
218 50
50 191
191 48
48 193
193 49
49 188
188 47
47 183
183 79
79 251
251 71
71 250
250 73
73 239
239 75
75 248
248 72
72 253
253 70
70 252
252 69
69 242
242 74
74 249
249 77
77 246
246 78
78 244
244 76
76 245
245 79
79 243
243 71
71 254
254 73
73 251
251 68
68 250
250 66
66 239
239 100
100 241
241 72
72 235
235 99
99 234
234 53
53 233
233 70
70 249
249 75
75 238
238 74
74 247
247 77
77 248
248 71
71 252
252 73
73 246
246 81
81 253
253 68
68 230
230 98
98 228
228 52
52 221
221 51
51 216
216 50
50 190
190 48
48 192
192 49
49 191
191 53
53 227
227 99
99 232
232 70
70 254
254 72
72 239
239 54
54 240
240 64
64 242
242 100
100 238
238 71
71 249
249 73
73 237
237 74
74 252
252 67
67 253
253 69
69 229
229 99
99 230
230 52
52 224
224 51
51 217
217 97
97 216
216 53
53 232
232 98
98 225
225 54
54 244
244 72
72 238
238 70
70 239
239 76
76 249
249 68
68 243
243 77
77 252
252 75
75 199
199 49
49 190
190 51
51 220
220 52
52 223
223 53
53 235
235 100
100 259
259 103
103 262
262 102
102 257
257 101
101 261
261 99
99 236
236 73
73 196
196 48
48 194
194 49
49 187
187 50
50 214
214 51
51 215
215 52
52 225
225 53
53 228
228 68
68 239
239 63
63 238
238 77
77 245
245 74
74 198
198 75
75 246
246 54
54 242
242 65
65 249
249 67
67 251
251 76
76 248
248 69
69 254
254 102
102 260
260 103
103 264
264 101
101 258
258 100
100 236
236 98
98 226
226 52
52 219
219 51
51 223
223 86
86 220
220 53
53 237
237 99
99 228
228 69
69 238
238 76
76 198
198 73
73 253
253 66
66 252
252 72
72 194
194 71
71 233
233 100
100 234
234 98
98 224
224 58
58 235
235 52
52 218
218 85
85 221
221 88
88 220
220 75
75 242
242 79
79 200
200 83
83 199
199 74
74 246
246 71
71 256
256 102
102 264
264 103
103 263
263 101
101 260
260 100
100 237
237 54
54 243
243 78
78 248
248 68
68 254
254 67
67 250
250 62
62 240
240 75
75 197
197 49
49 189
189 48
48 188
188 50
50 192
192 71
71 198
198 72
72 242
242 53
53 238
238 99
99 233
233 98
98 223
223 52
52 231
231 69
69 247
247 70
70 244
244 80
80 210
210 81
81 196
196 49
49 195
195 48
48 187
187 51
51 225
225 64
64 238
238 78
78 245
245 54
54 222
222 98
98 231
231 100
100 232
232 71
71 203
203 77
77 239
239 53
53 226
226 65
65 253
253 75
75 196
196 74
74 197
197 82
82 212
212 51
51 213
213 72
72 256
256 73
73 194
194 50
50 189
189 52
52 217
217 84
84 220
220 87
87 222
222 53
53 240
240 68
68 247
247 54
54 221
221 98
98 258
258 102
102 263
263 100
100 230
230 70
70 256
256 101
101 265
265 103
103 266
266 99
99 234
234 69
69 236
236 75
75 219
219 74
74 250
250 61
61 239
239 65
65 252
252 76
76 201
201 83
83 204
204 71
71 230
230 51
51 226
226 88
88 218
218 97
97 215
215 85
85 222
222 89
89 220
220 50
50 184
184 48
48 186
186 49
49 198
198 78
78 251
251 66
66 249
249 62
62 252
252 64
64 254
254 74
74 210
210 82
82 214
214 97
97 213
213 85
85 197
197 73
73 240
240 70
70 245
245 80
80 243
243 72
72 199
199 69
69 246
246 101
101 241
241 79
79 201
201 49
49 200
200 77
77 237
237 71
71 244
244 67
67 248
248 63
63 254
254 62
62 239
239 99
99 226
226 66
66 229
229 52
52 232
232 73
73 193
193 72
72 205
205 70
70 246
246 65
65 251
251 75
75 202
202 82
82 199
199 80
80 194
194 83
83 192
192 51
51 227
227 68
68 234
234 71
71 255
255 102
102 265
265 100
100 243
243 53
53 224
224 87
87 215
215 88
88 223
223 85
85 220
220 74
74 218
218 86
86 197
197 48
48 185
185 50
50 193
193 71
71 257
257 99
99 259
259 103
103 268
268 104
104 271
271 102
102 266
266 101
101 238
238 65
65 248
248 80
80 208
208 73
73 243
243 76
76 235
235 54
54 219
219 50
50 221
221 84
84 192
192 48
48 193
193 74
74 204
204 85
85 254
254 66
66 245
245 72
72 237
237 69
69 200
200 80
80 212
212 97
97 211
211 51
51 228
228 67
67 247
247 62
62 253
253 63
63 252
252 78
78 197
197 83
83 193
193 85
85 192
192 86
86 208
208 79
79 223
223 50
50 212
212 81
81 194
194 70
70 243
243 74
74 236
236 76
76 216
216 71
71 210
210 88
88 219
219 73
73 257
257 65
65 250
250 54
54 248
248 66
66 198
198 82
82 186
186 81
81 195
195 84
84 197
197 79
79 244
244 69
69 245
245 68
68 255
255 62
62 251
251 64
64 253
253 76
76 202
202 78
78 241
241 53
53 218
218 75
75 213
213 71
71 240
240 101
101 242
242 80
80 201
201 77
77 198
198 81
81 199
199 70
70 229
229 51
51 231
231 72
72 233
233 52
52 225
225 99
99 230
230 66
66 247
247 64
64 239
239 69
69 205
205 71
71 236
236 54
54 245
245 101
101 255
255 63
63 251
251 60
60 248
248 70
70 207
207 82
82 194
194 84
84 193
193 86
86 219
219 97
97 233
233 75
75 200
200 78
78 220
220 76
76 203
203 73
73 244
244 53
53 247
247 61
61 255
255 70
70 237
237 52
52 239
239 67
67 246
246 68
68 229
229 92
92 223
223 58
58 225
225 80
80 186
186 83
83 198
198 79
79 210
210 86
86 188
188 51
51 191
191 85
85 219
219 90
90 220
220 82
82 248
248 64
64 257
257 103
103 258
258 71
71 214
214 80
80 203
203 72
72 225
225 67
67 245
245 53
53 246
246 79
79 199
199 76
76 223
223 62
62 235
235 99
99 232
232 69
69 243
243 81
81 197
197 87
87 188
188 83
83 220
220 73
73 216
216 75
75 237
237 78
78 201
201 84
84 186
186 50
50 211
211 80
80 198
198 85
85 190
190 52
52 234
234 72
72 255
255 66
66 257
257 62
62 248
248 53
53 231
231 75
75 244
244 74
74 203
203 70
70 228
228 71
71 245
245 63
63 222
222 50
50 225
225 77
77 202
202 73
73 227
227 65
65 247
247 72
72 204
204 69
69 256
256 64
64 249
249 61
61 253
253 80
80 226
226 98
98 235
235 71
71 208
208 81
81 187
187 85
85 195
195 83
83 196
196 50
50 215
215 76
76 242
242 68
68 244
244 66
66 246
246 64
64 255
255 60
60 253
253 102
102 269
269 101
101 233
233 69
69 206
206 75
75 203
203 83
83 191
191 84
84 198
198 86
86 187
187 82
82 192
192 72
72 232
232 51
51 185
185 52
52 236
236 70
70 242
242 77
77 199
199 78
78 223
223 99
99 240
240 63
63 257
257 61
61 251
251 54
54 249
249 81
81 200
200 76
76 221
221 83
83 210
210 97
97 220
220 98
98 217
217 71
71 227
227 69
69 241
241 74
74 202
202 96
96 201
201 75
75 234
234 66
66 238
238 68
68 257
257 67
67 243
243 54
54 247
247 63
63 249
249 60
60 256
256 100
100 229
229 89
89 191
191 86
86 195
195 87
87 193
193 82
82 213
213 81
81 221
221 75
75 232
232 93
93 228
228 66
66 243
243 64
64 250
250 53
53 219
219 77
77 197
197 80
80 223
223 71
71 202
202 83
83 187
187 84
84 200
200 72
72 212
212 69
69 255
255 73
73 226
226 57
57 225
225 70
70 234
234 51
51 238
238 67
67 242
242 52
52 222
222 79
79 196
196 85
85 186
186 53
53 251
251 72
72 207
207 83
83 212
212 87
87 191
191 88
88 195
195 82
82 204
204 68
68 236
236 77
77 218
218 73
73 233
233 67
67 255
255 75
75 223
223 90
90 192
192 81
81 215
215 83
83 208
208 50
50 224
224 99
99 258
258 61
61 254
254 55
55 251
251 77
77 205
205 82
82 196
196 84
84 190
190 89
89 198
198 48
48 180
180 47
47 185
185 49
49 202
202 80
80 250
250 63
63 259
259 62
62 246
246 54
54 217
217 75
75 243
243 65
65 245
245 64
64 237
237 68
68 208
208 76
76 224
224 73
73 207
207 78
78 204
204 81
81 220
220 59
59 234
234 101
101 239
239 79
79 202
202 84
84 199
199 85
85 194
194 86
86 196
196 80
80 221
221 53
53 249
249 55
55 253
253 54
54 244
244 81
81 201
201 82
82 217
217 77
77 212
212 71
71 241
241 68
68 232
232 74
74 251
251 70
70 227
227 72
72 257
257 100
100 269
269 99
99 231
231 94
94 233
233 60
60 250
250 78
78 239
239 54
54 252
252 61
61 248
248 73
73 225
225 98
98 215
215 70
70 235
235 51
51 237
237 67
67 258
258 62
62 242
242 66
66 259
259 64
64 230
230 75
75 210
210 78
78 203
203 69
69 257
257 60
60 239
239 80
80 184
184 81
81 202
202 85
85 188
188 88
88 193
193 89
89 192
192 87
87 194
194 74
74 222
222 99
99 241
241 67
67 230
230 101
101 236
236 51
51 239
239 57
57 220
220 79
79 205
205 76
76 196
196 70
70 231
231 73
73 212
212 75
75 256
256 63
63 246
246 61
61 259
259 98
98 219
219 82
82 200
200 85
85 210
210 84
84 189
189 88
88 190
190 87
87 198
198 50
50 226
226 67
67 208
208 72
72 195
195 89
89 217
217 74
74 230
230 61
61 256
256 55
55 255
255 65
65 244
244 64
64 223
223 77
77 240
240 66
66 236
236 63
63 242
242 54
54 220
220 72
72 226
226 69
69 235
235 73
73 199
199 86
86 190
190 82
82 211
211 81
81 216
216 97
97 209
209 70
70 241
241 52
52 243
243 101
101 231
231 67
67 234
234 74
74 225
225 71
71 221
221 77
77 204
204 84
84 205
205 75
75 222
222 61
61 238
238 58
58 226
226 82
82 191
191 90
90 193
193 80
80 218
218 98
98 216
216 78
78 194
194 88
88 198
198 96
96 206
206 83
83 213
213 50
50 227
227 67
67 236
236 61
61 243
243 51
51 244
244 52
52 238
238 59
59 251
251 69
69 252
252 55
55 250
250 77
77 196
196 87
87 187
187 86
86 200
200 70
70 214
214 81
81 225
225 68
68 235
235 97
97 202
202 72
72 218
218 83
83 211
211 79
79 224
224 52
52 250
250 66
66 208
208 82
82 185
185 261
261 103
103 267
267 102
102 268
268 99
99 216
216 69
69 215
215 74
74 256
256 62
62 260
260 61
61 245
245 52
52 221
221 58
58 243
243 63
63 229
229 67
67 259
259 65
65 254
254 54
54 255
255 180
180 253
253 179
179 252
252 68
68 226
226 77
77 214
214 83
83 190
190 90
90 221
221 73
73 234
234 62
62 237
237 59
59 248
248 55
55 219
219 70
70 208
208 85
85 201
201 86
86 203
203 82
82 197
197 76
76 241
241 65
65 256
256 68
68 205
205 80
80 215
215 75
75 229
229 50
50 239
239 58
58 219
219 87
87 189
189 89
89 194
194 79
79 191
191 81
81 209
209 88
88 196
196 96
96 200
200 97
97 232
232 64
64 260
260 63
63 241
241 66
66 235
235 101
101 254
254 75
75 208
208 84
84 203
203 85
85 189
189 86
86 197
197 71
71 231
231 74
74 195
195 51
51 193
193 52
52 246
246 60
60 247
247 173
173 248
248 81
81 222
222 76
76 225
225 78
78 212
212 84
84 188
188 266
266 186
186 261
261 184
184 263
263 103
103 270
270 104
104 272
272 102
102 260
260 65
65 237
237 66
66 232
232 67
67 240
240 52
52 248
248 175
175 250
250 54
54 233
233 74
74 208
208 78
78 196
196 97
97 264
264 187
187 261
261 63
63 244
244 62
62 245
245 51
51 242
242 69
69 225
225 66
66 256
256 67
67 200
200 87
87 188
188 89
89 197
197 50
50 232
232 101
101 237
237 98
98 212
212 70
70 252
252 53
53 253
253 178
178 255
255 74
74 229
229 64
64 258
258 65
65 240
240 72
72 236
236 79
79 203
203 96
96 204
204 76
76 214
214 75
75 226
226 70
70 218
218 130
130 219
219 89
89 196
196 71
71 222
222 83
83 189
189 82
82 215
215 72
72 224
224 132
132 223
223 49
49 183
183 261
261 62
62 243
243 53
53 254
254 60
60 258
258 63
63 237
237 76
76 250
250 69
69 240
240 100
100 227
227 64
64 241
241 54
54 256
256 98
98 214
214 84
84 185
185 83
83 199
199 88
88 192
192 79
79 184
184 259
259 74
74 216
216 129
129 215
215 99
99 196
196 271
271 103
103 262
262 187
187 80
80 224
224 85
85 205
205 78
78 213
213 68
68 231
231 65
65 236
236 53
53 250
250 59
59 247
247 52
52 214
214 72
72 230
230 50
50 183
183 48
48 181
181 253
253 177
177 251
251 179
179 254
254 76
76 194
194 75
75 225
225 133
133 223
223 135
135 224
224 16
16 222
222 86
86 188
188 88
88 197
197 85
85 207
207 111
111 206
206 110
110 205
205 81
81 203
203 67
67 252
252 60
60 244
244 61
61 261
261 64
64 226
226 71
71 218
218 131
131 219
219 83
83 209
209 79
79 249
249 78
78 221
221 87
87 199
199 68
68 258
258 66
66 227
227 98
98 196
196 100
100 264
264 189
189 81
81 241
241 51
51 233
233 63
63 262
262 184
184 260
260 103
103 272
272 198
198 69
69 223
223 82
82 247
247 177
177 254
254 71
71 259
259 185
185 258
258 75
75 228
228 50
50 217
217 81
81 193
193 85
85 187
187 88
88 189
189 265
265 186
186 86
86 204
204 70
70 257
257 55
55 256
256 103
103 274
274 104
104 273
273 196
196 72
72 222
222 49
49 224
224 67
67 235
235 74
74 211
211 77
77 253
253 66
66 260
260 185
185 81
81 190
190 89
89 221
221 99
99 213
213 79
79 195
195 73
73 192
192 86
86 202
202 87
87 208
208 113
113 209
209 80
80 249
249 52
52 188
188 82
82 225
225 16
16 223
223 70
70 250
250 173
173 246
246 53
53 255
255 63
63 235
235 50
50 195
195 96
96 205
205 83
83 247
247 170
170 245
245 60
60 237
237 61
61 258
258 74
74 221
221 86
86 193
193 77
77 222
222 70
70 238
238 62
62 227
227 136
136 228
228 64
64 262
262 183
183 263
263 192
192 80
80 195
195 99
99 220
220 130
130 217
217 73
73 223
223 131
131 224
224 54
54 252
252 59
59 246
246 55
55 255
255 177
177 248
248 53
53 232
232 94
94 221
221 82
82 209
209 114
114 208
208 97
97 201
201 98
98 195
195 75
75 207
207 84
84 211
211 78
78 226
226 52
52 251
251 67
67 244
244 77
77 254
254 178
178 252
252 66
66 231
231 63
63 225
225 65
65 233
233 70
70 198
198 271
271 197
197 96
96 209
209 85
85 195
195 90
90 218
218 132
132 219
219 78
78 253
253 182
182 252
252 80
80 222
222 14
14 223
223 67
67 248
248 54
54 251
251 53
53 233
233 57
57 232
232 140
140 234
234 50
50 238
238 60
60 241
241 62
62 262
262 185
185 80
80 207
207 112
112 208
208 69
69 229
229 76
76 257
257 74
74 212
212 67
67 269
269 192
192 90
90 194
194 264
264 191
191 52
52 252
252 180
180 248
248 172
172 245
245 173
173 244
244 53
53 189
189 89
89 199
199 96
96 202
202 99
99 197
197 101
101 196
196 272
272 195
195 86
86 205
205 74
74 226
226 49
49 221
221 132
132 220
220 77
77 224
224 66
66 269
269 190
190 260
260 67
67 261
261 65
65 249
249 62
62 236
236 50
50 200
200 88
88 208
208 283
283 146
146 284
284 147
147 287
287 154
154 290
290 157
157 293
293 153
153 286
286 148
148 289
289 156
156 291
291 155
155 288
288 152
152 292
292 159
159 296
296 160
160 299
299 162
162 298
298 158
158 295
295 154
154 294
294 157
157 290
290 150
150 287
287 153
153 289
289 156
156 297
297 161
161 237
237 31
31 236
236 64
64 263
263 191
191 266
266 187
187 267
267 189
189 261
261 100
100 195
195 97
97 217
217 85
85 212
212 79
79 253
253 69
69 265
265 99
99 219
219 133
133 224
224 68
68 259
259 61
61 235
235 64
64 233
233 76
76 210
210 98
98 238
238 54
54 255
255 53
53 252
252 84
84 218
218 69
69 258
258 72
72 197
197 100
100 228
228 134
134 227
227 77
77 195
195 78
78 222
222 132
132 226
226 79
79 193
193 263
263 65
65 224
224 14
14 221
221 56
56 256
256 177
177 81
81 252
252 71
71 215
215 91
91 220
220 70
70 258
258 73
73 214
214 78
78 255
255 76
76 240
240 54
54 185
185 85
85 190
190 88
88 203
203 87
87 209
209 86
86 211
211 69
69 264
264 183
183 252
252 177
177 80
80 219
219 129
129 218
218 11
11 221
221 79
79 204
204 97
97 197
197 103
103 265
265 187
187 87
87 217
217 131
131 216
216 70
70 229
229 73
73 241
241 61
61 250
250 51
51 246
246 169
169 245
245 175
175 244
244 39
39 243
243 60
60 236
236 69
69 272
272 197
197 269
269 198
198 97
97 229
229 62
62 263
263 63
63 252
252 181
181 254
254 54
54 226
226 76
76 207
207 113
113 206
206 281
281 208
208 111
111 205
205 88
88 201
201 271
271 200
200 74
74 209
209 84
84 213
213 73
73 230
230 62
62 259
259 69
69 222
222 82
82 245
245 53
53 193
193 78
78 229
229 20
20 228
228 18
18 227
227 63
63 234
234 96
96 207
207 86
86 194
194 99
99 212
212 118
118 213
213 98
98 268
268 66
66 233
233 50
50 246
246 168
168 242
242 61
61 260
260 68
68 223
223 74
74 253
253 52
52 254
254 55
55 222
222 84
84 219
219 79
79 185
185 266
266 189
189 263
263 194
194 98
98 202
202 70
70 195
195 101
101 244
244 176
176 80
80 183
183 52
52 255
255 77
77 234
234 71
71 209
209 115
115 208
208 282
282 144
144 281
281 207
207 79
79 250
250 45
45 251
251 82
82 216
216 128
128 219
219 72
72 229
229 65
65 262
262 192
192 87
87 205
205 97
97 194
194 272
272 68
68 230
230 135
135 222
222 133
133 220
220 12
12 221
221 91
91 193
193 75
75 257
257 191
191 89
89 188
188 81
81 223
223 100
100 268
268 67
67 249
249 51
51 240
240 34
34 239
239 32
32 238
238 53
53 242
242 60
60 195
195 84
84 248
248 179
179 255
255 70
70 259
259 63
63 223
223 134
134 226
226 18
18 229
229 54
54 231
231 50
50 253
253 59
59 245
245 174
174 246
246 172
172 249
249 173
173 243
243 38
38 244
244 70
70 224
224 130
130 215
215 84
84 225
225 79
79 216
216 86
86 213
213 97
97 206
206 85
85 214
214 69
69 237
237 30
30 236
236 24
24 235
235 102
102 197
197 98
98 257
257 65
65 250
250 71
71 195
195 88
88 191
191 90
90 199
199 271
271 202
202 108
108 204
204 80
80 190
190 265
265 194
194 48
48 196
196 85
85 251
251 51
51 248
248 68
68 229
229 61
61 240
240 165
165 1
1 164
164 0
0 162
162 297
297 157
157 291
291 158
158 290
290 156
156 292
292 151
151 293
293 152
152 294
294 153
153 285
285 208
208 77
77 229
229 71
71 224
224 56
56 233
233 61
61 226
226 136
136 231
231 64
64 234
234 70
70 274
274 204
204 88
88 222
222 91
91 218
218 78
78 227
227 75
75 260
260 62
62 253
253 175
175 252
252 65
65 268
268 187
187 89
89 200
200 98
98 229
229 80
80 191
191 261
261 192
192 85
85 211
211 87
87 206
206 282
282 145
145 281
281 209
209 68
68 263
263 195
195 99
99 256
256 76
76 258
258 77
77 215
215 119
119 213
213 80
80 254
254 53
53 247
247 51
51 255
255 62
62 257
257 190
190 264
264 184
184 54
54 237
237 50
50 242
242 78
78 209
209 98
98 267
267 188
188 253
253 85
85 186
186 87
87 201
201 96
96 196
196 102
102 241
241 80
80 220
220 134
134 225
225 15
15 227
227 81
81 207
207 114
114 210
210 281
281 211
211 72
72 221
221 133
133 228
228 65
65 230
230 76
76 195
195 87
87 204
204 272
272 199
199 97
97 214
214 289
289 157
157 292
292 153
153 295
295 155
155 290
290 156
156 296
296 158
158 291
291 159
159 294
294 160
160 293
293 154
154 286
286 211
211 75
75 220
220 93
93 225
225 49
49 228
228 69
69 197
197 90
90 190
190 266
266 70
70 262
262 182
182 251
251 183
183 254
254 51
51 184
184 53
53 256
256 54
54 249
249 171
171 246
246 177
177 245
245 40
40 244
244 55
55 224
224 64
64 252
252 62
62 250
250 68
68 269
269 65
65 197
197 100
100 198
198 103
103 255
255 71
71 219
219 127
127 217
217 76
76 246
246 175
175 249
249 42
42 247
247 81
81 178
178 82
82 218
218 99
99 201
201 73
73 222
222 68
68 243
243 59
59 242
242 71
71 237
237 57
57 192
192 89
89 225
225 17
17 230
230 19
19 229
229 87
87 207
207 77
77 194
194 260
260 189
189 78
78 254
254 50
50 244
244 52
52 250
250 67
67 270
270 68
68 197
197 104
104 278
278 202
202 88
88 193
193 87
87 210
210 117
117 213
213 70
70 239
239 168
168 247
247 169
169 244
244 177
177 257
257 56
56 254
254 62
62 224
224 136
136 225
225 13
13 220
220 131
131 222
222 65
65 246
246 84
84 223
223 130
130 216
216 77
77 231
231 61
61 234
234 54
54 230
230 70
70 190
190 263
263 98
98 211
211 126
126 214
214 87
87 189
189 51
51 224
224 81
81 196
196 99
99 255
255 100
100 194
194 96
96 208
208 284
284 209
209 76
76 219
219 134
134 229
229 101
101 253
253 53
53 239
239 166
166 238
238 163
163 237
237 32
32 241
241 33
33 240
240 50
50 206
206 88
88 186
186 267
267 198
198 102
102 234
234 65
65 223
223 87
87 256
256 191
191 262
262 61
61 261
261 68
68 200
200 66
66 270
270 190
190 71
71 230
230 18
18 224
224 100
100 244
244 174
174 241
241 52
52 192
192 69
69 249
249 44
44 250
250 81
81 179
179 82
82 198
198 273
273 204
204 110
110 203
203 274
274 202
202 270
270 65
65 207
207 66
66 251
251 80
80 178
178 256
256 190
190 87
87 194
194 69
69 221
221 70
70 193
193 76
76 232
232 20
20 234
234 60
60 235
235 75
75 259
259 72
72 217
217 86
86 206
206 81
81 229
229 79
79 215
215 289
289 155
155 296
296 157
157 295
295 152
152 285
285 214
214 129
129 224
224 61
61 255
255 50
50 243
243 102
102 195
195 265
265 191
191 269
269 189
189 90
90 198
198 75
75 192
192 88
88 187
187 53
53 237
237 171
171 245
245 176
176 76
76 211
211 284
284 210
210 70
70 260
260 69
69 273
273 207
207 111
111 204
204 109
109 205
205 271
271 68
68 249
249 66
66 223
223 13
13 218
218 87
87 228
228 19
19 227
227 54
54 253
253 49
49 244
244 82
82 206
206 84
84 200
200 275
275 104
104 280
280 211
211 88
88 189
189 257
257 55
55 252
252 176
176 241
241 35
35 240
240 164
164 239
239 59
59 194
194 99
99 267
267 100
100 225
225 61
61 232
232 54
54 187
187 258
258 62
62 261
261 193
193 82
82 184
184 49
49 238
238 51
51 253
253 63
63 198
198 67
67 271
271 71
71 233
233 20
20 231
231 102
102 262
262 74
74 213
213 121
121 215
215 86
86 256
256 77
77 210
210 96
96 195
195 259
259 76
76 234
234 51
51 194
194 101
101 196
196 97
97 203
203 273
273 197
197 84
84 224
224 134
134 222
222 62
62 251
251 83
83 226
226 86
86 250
250 46
46 253
253 189
189 70
70 245
245 66
66 209
209 112
112 206
206 79
79 254
254 81
81 239
239 174
174 78
78 230
230 157
157 298
298 163
163 235
235 59
59 249
249 43
43 248
248 176
176 246
246 179
179 83
83 243
243 72
72 223
223 97
97 228
228 61
61 257
257 54
54 190
190 261
261 194
194 88
88 188
188 80
80 216
216 288
288 156
156 291
291 150
150 292
292 155
155 287
287 208
208 124
124 210
210 99
99 199
199 98
98 203
203 111
111 202
202 68
68 215
215 100
100 221
221 131
131 225
225 18
18 231
231 17
17 228
228 137
137 230
230 79
79 217
217 132
132 216
216 286
286 208
208 279
279 211
211 49
49 219
219 101
101 199
199 71
71 244
244 69
69 239
239 72
72 233
233 95
95 235
235 20
20 227
227 148
148 287
287 216
216 127
127 214
214 90
90 226
226 51
51 245
245 68
68 251
251 44
44 248
248 174
174 238
238 73
73 191
191 255
255 176
176 79
79 200
200 83
83 186
186 84
84 216
216 9
9 217
217 70
70 243
243 54
54 250
250 42
42 251
251 64
64 268
268 190
190 78
78 206
206 71
71 270
270 69
69 233
233 166
166 1
1 163
163 239
239 52
52 253
253 61
61 199
199 266
266 192
192 83
83 217
217 129
129 213
213 290
290 214
214 128
128 221
221 17
17 227
227 49
49 236
236 59
59 219
219 69
69 246
246 52
52 243
243 57
57 222
222 93
93 261
261 66
66 271
271 100
100 196
196 102
102 242
242 34
34 241
241 173
173 238
238 81
81 194
194 58
58 236
236 56
56 226
226 101
101 198
198 74
74 228
228 79
79 186
186 262
262 190
190 84
84 192
192 98
98 224
224 75
75 239
239 71
71 260
260 195
195 52
52 256
256 73
73 209
209 90
90 196
196 274
274 102
102 237
237 29
29 236
236 70
70 265
265 184
184 249
249 187
187 89
89 189
189 86
86 224
224 69
69 271
271 65
65 267
267 101
101 195
195 67
67 272
272 205
205 279
279 207
207 74
74 197
197 48
48 179
179 245
245 81
81 226
226 63
63 251
251 189
189 254
254 49
49 252
252 82
82 177
177 77
77 257
257 178
178 246
246 170
170 239
239 33
33 242
242 52
52 187
187 48
48 224
224 137
137 227
227 133
133 229
229 56
56 258
258 57
57 194
194 97
97 191
191 76
76 218
218 81
81 176
176 253
253 55
55 185
185 264
264 199
199 106
106 201
201 108
108 200
200 73
73 236
236 21
21 231
231 98
98 193
193 255
255 68
68 247
247 78
78 182
182 79
79 190
190 259
259 102
102 264
264 66
66 267
267 97
97 207
207 272
272 208
208 117
117 209
209 72
72 228
228 15
15 221
221 135
135 220
220 71
71 211
211 73
73 260
260 99
99 202
202 100
100 254
254 50
50 199
199 62
62 233
233 59
59 225
225 87
87 216
216 289
289 218
218 127
127 210
210 89
89 203
203 109
109 206
206 74
74 192
192 58
58 247
247 43
43 250
250 55
55 258
258 71
71 238
238 52
52 212
212 100
100 204
204 85
85 216
216 291
291 151
151 229
229 155
155 228
228 73
73 244
244 179
179 47
47 154
154 296
296 220
220 69
69 263
263 97
97 215
215 128
128 213
213 77
77 233
233 96
96 191
191 267
267 199
199 48
48 254
254 51
51 244
244 171
171 236
236 23
23 235
235 49
49 214
214 99
99 198
198 261
261 69
69 243
243 184
184 251
251 65
65 253
253 173
173 237
237 100
100 192
192 77
77 206
206 89
89 201
201 84
84 254
254 64
64 269
269 199
199 273
273 68
68 236
236 22
22 234
234 69
69 230
230 133
133 226
226 65
65 264
264 186
186 258
258 198
198 98
98 265
265 95
95 225
225 83
83 216
216 88
88 213
213 285
285 209
209 125
125 219
219 73
73 210
210 126
126 215
215 89
89 223
223 15
15 226
226 26
26 227
227 76
76 185
185 86
86 190
190 271
271 101
101 228
228 80
80 255
255 56
56 192
192 70
70 275
275 207
207 71
71 191
191 75
75 262
262 62
62 263
263 66
66 221
221 130
130 214
214 282
282 213
213 67
67 246
246 41
41 249
249 61
61 197
197 255
255 98
98 205
205 89
89 190
190 253
253 68
68 212
212 128
128 14
14 228
228 63
63 224
224 15
15 220
220 84
84 180
180 254
254 82
82 249
249 39
39 248
248 69
69 193
193 100
100 222
222 98
98 196
196 103
103 195
195 274
274 208
208 65
65 232
232 63
63 230
230 21
21 235
235 52
52 228
228 78
78 217
217 128
128 220
220 143
143 280
280 144
144 222
222 48
48 252
252 51
51 237
237 170
170 238
238 168
168 234
234 24
24 225
225 55
55 243
243 182
182 254
254 63
63 221
221 92
92 219
219 100
100 201
201 112
112 202
202 109
109 200
200 96
96 198
198 260
260 181
181 49
49 255
255 67
67 207
207 123
123 216
216 76
76 177
177 79
79 175
175 247
247 36
36 242
242 38
38 249
249 52
52 240
240 102
102 197
197 78
78 256
256 91
91 224
224 57
57 236
236 173
173 252
252 87
87 185
185 53
53 192
192 68
68 228
228 16
16 221
221 297
297 155
155 291
291 149
149 290
290 148
148 226
226 137
137 229
229 49
49 231
231 37
37 242
242 171
171 235
235 78
78 191
191 72
72 216
216 134
134 230
230 52
52 194
194 253
253 187
187 248
248 42
42 249
249 170
170 236
236 71
71 275
275 103
103 198
198 64
64 247
247 50
50 239
239 25
25 240
240 70
70 197
197 75
75 204
204 73
73 259
259 60
60 229
229 99
99 193
193 97
97 256
256 85
85 188
188 87
87 226
226 149
149 223
223 94
94 263
263 187
187 77
77 191
191 74
74 218
218 100
100 241
241 69
69 217
217 49
49 240
240 162
162 294
294 158
158 289
289 211
211 70
70 206
206 72
72 270
270 205
205 268
268 63
63 267
267 64
64 257
257 195
195 256
256 51
51 196
196 86
86 227
227 35
35 245
245 41
41 250
250 83
83 178
178 244
244 85
85 200
200 276
276 141
141 222
222 147
147 226
226 20
20 236
236 102
102 233
233 80
80 175
175 238
238 79
79 174
174 249
249 70
70 261
261 75
75 209
209 69
69 256
256 198
198 255
255 54
54 228
228 81
81 200
200 97
97 195
195 64
64 253
253 197
197 99
99 191
191 98
98 206
206 80
80 189
189 270
270 196
196 104
104 281
281 143
143 279
279 202
202 273
273 67
67 267
267 190
190 53
53 235
235 30
30 240
240 71
71 200
200 112
112 205
205 99
99 211
211 277
277 212
212 49
49 234
234 19
19 233
233 93
93 224
224 88
88 225
225 48
48 156
156 295
295 104
104 276
276 84
84 253
253 67
67 230
230 158
158 231
231 96
96 193
193 259
259 77
77 228
228 85
85 198
198 262
262 68
68 195
195 100
100 203
203 263
263 99
99 192
192 101
101 197
197 256
256 81
81 274
274 67
67 209
209 89
89 188
188 246
246 71
71 232
232 60
60 258
258 78
78 173
173 235
235 161
161 293
293 159
159 229
229 135
135 228
228 62
62 197
197 263
263 186
186 268
268 204
204 89
89 216
216 285
285 148
148 222
222 97
97 198
198 109
109 201
201 50
50 256
256 61
61 254
254 83
83 196
196 265
265 193
193 68
68 221
221 65
65 248
248 40
40 251
251 43
43 253
253 86
86 225
225 32
32 224
224 74
74 239
239 51
51 243
243 185
185 267
267 75
75 174
174 242
242 182
182 52
52 211
211 125
125 208
208 98
98 207
207 110
110 200
200 62
62 264
264 64
64 270
270 191
191 60
60 256
256 84
84 249
249 87
87 254
254 187
187 257
257 79
79 240
240 26
26 237
237 52
52 255
255 53
53 183
183 78
78 224
224 145
145 221
221 126
126 12
12 219
219 75
75 184
184 83
83 227
227 147
147 228
228 67
67 225
225 137
137 233
233 23
23 237
237 55
55 234
234 58
58 193
193 89
89 224
224 101
101 223
223 48
48 105
105 47
47 156
156 287
287 214
214 131
131 215
215 290
290 159
159 231
231 93
93 219
219 126
126 212
212 129
129 15
15 130
130 16
16 226
226 13
13 127
127 223
223 60
60 260
260 74
74 234
234 27
27 235
235 57
57 257
257 78
78 177
177 81
81 184
184 250
250 38
38 246
246 40
40 247
247 67
67 217
217 286
286 209
209 126
126 216
216 100
100 238
238 154
154 288
288 214
214 74
74 201
201 261
261 203
203 113
113 210
210 272
272 66
66 195
195 73
73 243
243 71
71 253
253 70
70 273
273 103
103 194
194 102
102 230
230 59
59 192
192 265
265 185
185 248
248 63
63 264
264 203
203 96
96 213
213 115
115 210
210 282
282 205
205 121
121 209
209 77
77 232
232 35
35 228
228 88
88 249
249 37
37 241
241 50
50 245
245 183
183 51
51 255
255 79
79 218
218 134
134 221
221 93
93 223
223 91
91 194
194 259
259 192
192 248
248 66
66 273
273 101
101 201
201 95
95 196
196 106
106 47
47 104
104 277
277 147
147 288
288 217
217 80
80 230
230 35
35 229
229 51
51 250
250 40
40 249
249 194
194 98
98 228
228 91
91 225
225 60
60 226
226 89
89 195
195 58
58 237
237 72
72 189
189 246
246 42
42 252
252 52
52 257
257 180
180 258
258 178
178 77
77 173
173 242
242 49
49 156
156 50
50 253
253 193
193 54
54 214
214 86
86 212
212 97
97 202
202 69
69 191
191 62
62 256
256 80
80 273
273 205
205 73
73 232
232 59
59 228
228 76
76 192
192 100
100 220
220 144
144 221
221 48
48 253
253 82
82 227
227 52
52 247
247 167
167 2
2 166
166 3
3 224
224 92
92 258
258 194
194 96
96 263
263 204
204 114
114 202
202 66
66 213
213 102
102 245
245 75
75 233
233 49
49 218
218 68
68 211
211 127
127 215
215 282
282 143
143 223
223 83
83 180
180 261
261 97
97 219
219 65
65 272
272 209
209 124
124 207
207 69
69 262
262 104
104 293
293 103
103 197
197 66
66 268
268 198
198 259
259 189
189 71
71 248
248 188
188 261
261 72
72 255
255 199
199 102
102 195
195 98
98 254
254 99
99 209
209 287
287 215
215 73
73 270
270 70
70 191
191 85
85 249
249 36
36 246
246 50
50 252
252 43
43 248
248 194
194 53
53 240
240 51
51 230
230 161
161 294
294 156
156 231
231 78
78 269
269 66
66 255
255 81
81 204
204 83
83 193
193 62
62 192
192 97
97 225
225 90
90 213
213 52
52 234
234 23
